00 02 04 06 07 11 13 15 16 18 22 24 25 27 28
00 02 03 05 06 11 13 14 16 17 20 21 24 25 28
00 02 03 07 08 11 13 14 16 17 21 22 24 25 28
00 01 03 06 08 11 12 14 15 17 20 23 26 27 28
00 02 04 07 08 11 12 13 15 17 21 23 25 26 28
00 02 04 05 07 11 13 15 16 18 20 22 24 26 28
00 03 04 06 07 10 12 13 15 17 21 22 24 25 28
00 02 06 07 08 11 13 14 16 17 20 22 23 25 28
00 02 03 07 08 11 14 15 17 18 20 22 23 25 26
01 02 05 06 08 10 13 14 16 17 21 22 24 27 28
01 02 04 06 08 10 13 14 15 17 20 21 25 26 28
01 03 04 05 07 10 14 15 16 18 21 22 23 26 27
01 02 04 07 07 10 13 14 16 18 21 23 25 27 28
01 02 04 06 07 10 13 14 16 18 20 22 23 25 27
01 02 04 05 08 10 13 15 16 18 20 21 24 25 27
01 03 04 06 08 10 12 15 16 18 20 22 24 25 27
01 02 04 06 08 10 11 13 17 18 20 22 23 25 27
00 02 05 07 08 11 13 14 16 17 22 23 25 26 28
01 03 05 06 08 10 11 14 16 17 22 24 25 27 28
02 03 05 06 08 10 11 13 16 17 20 22 24 25 28
02 03 05 07 08 10 11 13 14 17 21 22 24 26 28
02 03 05 07 08 10 11 14 16 17 20 21 22 24 28
02 03 05 06 08 10 11 13 15 17 21 22 24 27 28
02 04 05 06 08 10 11 13 15 17 20 22 24 26 27